(kicad_pcb (version 20171130) (host pcbnew "(5.1.0-0)")

  (general
    (thickness 1.6)
    (drawings 9)
    (tracks 138)
    (zones 0)
    (modules 19)
    (nets 10)
  )

  (page A4)
  (layers
    (0 F.Cu signal)
    (1 In1.Cu signal)
    (2 In2.Cu signal)
    (31 B.Cu signal)
    (32 B.Adhes user hide)
    (33 F.Adhes user hide)
    (34 B.Paste user hide)
    (35 F.Paste user hide)
    (36 B.SilkS user)
    (37 F.SilkS user)
    (38 B.Mask user hide)
    (39 F.Mask user)
    (40 Dwgs.User user hide)
    (41 Cmts.User user hide)
    (42 Eco1.User user hide)
    (43 Eco2.User user hide)
    (44 Edge.Cuts user hide)
    (45 Margin user hide)
    (46 B.CrtYd user hide)
    (47 F.CrtYd user hide)
    (48 B.Fab user hide)
    (49 F.Fab user hide)
  )

  (setup
    (last_trace_width 0.25)
    (trace_clearance 0.0889)
    (zone_clearance 0.0889)
    (zone_45_only no)
    (trace_min 0.2)
    (via_size 0.45)
    (via_drill 0.2)
    (via_min_size 0.15)
    (via_min_drill 0.15)
    (uvia_size 0.2)
    (uvia_drill 0.1)
    (uvias_allowed no)
    (uvia_min_size 0.2)
    (uvia_min_drill 0.1)
    (edge_width 0.15)
    (segment_width 0.2)
    (pcb_text_width 0.3)
    (pcb_text_size 1.5 1.5)
    (mod_edge_width 0.15)
    (mod_text_size 1 1)
    (mod_text_width 0.15)
    (pad_size 4.55 1)
    (pad_drill 0)
    (pad_to_mask_clearance 0.2)
    (aux_axis_origin 0 0)
    (visible_elements 7FFFFFFF)
    (pcbplotparams
      (layerselection 0x010fc_ffffffff)
      (usegerberextensions false)
      (usegerberattributes false)
      (usegerberadvancedattributes false)
      (creategerberjobfile false)
      (excludeedgelayer true)
      (linewidth 0.100000)
      (plotframeref false)
      (viasonmask false)
      (mode 1)
      (useauxorigin false)
      (hpglpennumber 1)
      (hpglpenspeed 20)
      (hpglpendiameter 15.000000)
      (psnegative false)
      (psa4output false)
      (plotreference true)
      (plotvalue true)
      (plotinvisibletext false)
      (padsonsilk false)
      (subtractmaskfromsilk false)
      (outputformat 1)
      (mirror false)
      (drillshape 0)
      (scaleselection 1)
      (outputdirectory "Gerbers/"))
  )

  (net 0 "")
  (net 1 +5V)
  (net 2 GND)
  (net 3 /A)
  (net 4 "Net-(C2-Pad2)")
  (net 5 "Net-(C2-Pad1)")
  (net 6 "Net-(C4-Pad1)")
  (net 7 /Vdd)
  (net 8 "Net-(C5-Pad1)")
  (net 9 "Net-(R4-Pad2)")

  (net_class Default "This is the default net class."
    (clearance 0.0889)
    (trace_width 0.25)
    (via_dia 0.45)
    (via_drill 0.2)
    (uvia_dia 0.2)
    (uvia_drill 0.1)
    (diff_pair_width 0.2)
    (diff_pair_gap 0.1525)
    (add_net +5V)
    (add_net /A)
    (add_net /Vdd)
    (add_net GND)
    (add_net "Net-(C2-Pad1)")
    (add_net "Net-(C2-Pad2)")
    (add_net "Net-(C4-Pad1)")
    (add_net "Net-(C5-Pad1)")
    (add_net "Net-(R4-Pad2)")
  )

  (module Diodes_SMD:D_SOD-123 (layer B.Cu) (tedit 58645DC7) (tstamp 5CAF332E)
    (at 149.49 97.15 90)
    (descr SOD-123)
    (tags SOD-123)
    (path /5C95F3AC)
    (attr smd)
    (fp_text reference D2 (at -3.295001 0.004999 90) (layer B.SilkS)
      (effects (font (size 1 1) (thickness 0.15)) (justify mirror))
    )
    (fp_text value 1N4148 (at 0 -2.1 90) (layer B.Fab)
      (effects (font (size 1 1) (thickness 0.15)) (justify mirror))
    )
    (fp_text user %R (at 0 2 90) (layer B.Fab)
      (effects (font (size 1 1) (thickness 0.15)) (justify mirror))
    )
    (fp_line (start -2.25 1) (end -2.25 -1) (layer B.SilkS) (width 0.12))
    (fp_line (start 0.25 0) (end 0.75 0) (layer B.Fab) (width 0.1))
    (fp_line (start 0.25 -0.4) (end -0.35 0) (layer B.Fab) (width 0.1))
    (fp_line (start 0.25 0.4) (end 0.25 -0.4) (layer B.Fab) (width 0.1))
    (fp_line (start -0.35 0) (end 0.25 0.4) (layer B.Fab) (width 0.1))
    (fp_line (start -0.35 0) (end -0.35 -0.55) (layer B.Fab) (width 0.1))
    (fp_line (start -0.35 0) (end -0.35 0.55) (layer B.Fab) (width 0.1))
    (fp_line (start -0.75 0) (end -0.35 0) (layer B.Fab) (width 0.1))
    (fp_line (start -1.4 -0.9) (end -1.4 0.9) (layer B.Fab) (width 0.1))
    (fp_line (start 1.4 -0.9) (end -1.4 -0.9) (layer B.Fab) (width 0.1))
    (fp_line (start 1.4 0.9) (end 1.4 -0.9) (layer B.Fab) (width 0.1))
    (fp_line (start -1.4 0.9) (end 1.4 0.9) (layer B.Fab) (width 0.1))
    (fp_line (start -2.35 1.15) (end 2.35 1.15) (layer B.CrtYd) (width 0.05))
    (fp_line (start 2.35 1.15) (end 2.35 -1.15) (layer B.CrtYd) (width 0.05))
    (fp_line (start 2.35 -1.15) (end -2.35 -1.15) (layer B.CrtYd) (width 0.05))
    (fp_line (start -2.35 1.15) (end -2.35 -1.15) (layer B.CrtYd) (width 0.05))
    (fp_line (start -2.25 -1) (end 1.65 -1) (layer B.SilkS) (width 0.12))
    (fp_line (start -2.25 1) (end 1.65 1) (layer B.SilkS) (width 0.12))
    (pad 1 smd rect (at -1.65 0 90) (size 0.9 1.2) (layers B.Cu B.Paste B.Mask)
      (net 2 GND))
    (pad 2 smd rect (at 1.65 0 90) (size 0.9 1.2) (layers B.Cu B.Paste B.Mask)
      (net 8 "Net-(C5-Pad1)"))
    (model ${KISYS3DMOD}/Diodes_SMD.3dshapes/D_SOD-123.wrl
      (at (xyz 0 0 0))
      (scale (xyz 1 1 1))
      (rotate (xyz 0 0 0))
    )
  )

  (module Capacitors_SMD:C_0805 (layer B.Cu) (tedit 58AA8463) (tstamp 5C961E52)
    (at 151.53 97.58 270)
    (descr "Capacitor SMD 0805, reflow soldering, AVX (see smccp.pdf)")
    (tags "capacitor 0805")
    (path /5C95FEC2)
    (attr smd)
    (fp_text reference C5 (at 2.69 -0.02 270) (layer B.SilkS)
      (effects (font (size 1 1) (thickness 0.15)) (justify mirror))
    )
    (fp_text value 1u (at 0 -1.75 270) (layer B.Fab)
      (effects (font (size 1 1) (thickness 0.15)) (justify mirror))
    )
    (fp_text user %R (at 0 1.5 270) (layer B.Fab)
      (effects (font (size 1 1) (thickness 0.15)) (justify mirror))
    )
    (fp_line (start -1 -0.62) (end -1 0.62) (layer B.Fab) (width 0.1))
    (fp_line (start 1 -0.62) (end -1 -0.62) (layer B.Fab) (width 0.1))
    (fp_line (start 1 0.62) (end 1 -0.62) (layer B.Fab) (width 0.1))
    (fp_line (start -1 0.62) (end 1 0.62) (layer B.Fab) (width 0.1))
    (fp_line (start 0.5 0.85) (end -0.5 0.85) (layer B.SilkS) (width 0.12))
    (fp_line (start -0.5 -0.85) (end 0.5 -0.85) (layer B.SilkS) (width 0.12))
    (fp_line (start -1.75 0.88) (end 1.75 0.88) (layer B.CrtYd) (width 0.05))
    (fp_line (start -1.75 0.88) (end -1.75 -0.87) (layer B.CrtYd) (width 0.05))
    (fp_line (start 1.75 -0.87) (end 1.75 0.88) (layer B.CrtYd) (width 0.05))
    (fp_line (start 1.75 -0.87) (end -1.75 -0.87) (layer B.CrtYd) (width 0.05))
    (pad 1 smd rect (at -1 0 270) (size 1 1.25) (layers B.Cu B.Paste B.Mask)
      (net 8 "Net-(C5-Pad1)"))
    (pad 2 smd rect (at 1 0 270) (size 1 1.25) (layers B.Cu B.Paste B.Mask)
      (net 2 GND))
    (model Capacitors_SMD.3dshapes/C_0805.wrl
      (at (xyz 0 0 0))
      (scale (xyz 1 1 1))
      (rotate (xyz 0 0 0))
    )
  )

  (module Resistor_SMD:R_0805_2012Metric (layer B.Cu) (tedit 5B36C52B) (tstamp 5CAF333F)
    (at 150.175 93.85)
    (descr "Resistor SMD 0805 (2012 Metric), square (rectangular) end terminal, IPC_7351 nominal, (Body size source: https://docs.google.com/spreadsheets/d/1BsfQQcO9C6DZCsRaXUlFlo91Tg2WpOkGARC1WS5S8t0/edit?usp=sharing), generated with kicad-footprint-generator")
    (tags resistor)
    (path /5C95F2CA)
    (attr smd)
    (fp_text reference R5 (at -0.81 -1.57) (layer B.SilkS)
      (effects (font (size 1 1) (thickness 0.15)) (justify mirror))
    )
    (fp_text value 18k (at 0 -1.65) (layer B.Fab)
      (effects (font (size 1 1) (thickness 0.15)) (justify mirror))
    )
    (fp_text user %R (at 0 0) (layer B.Fab)
      (effects (font (size 0.5 0.5) (thickness 0.08)) (justify mirror))
    )
    (fp_line (start 1.68 -0.95) (end -1.68 -0.95) (layer B.CrtYd) (width 0.05))
    (fp_line (start 1.68 0.95) (end 1.68 -0.95) (layer B.CrtYd) (width 0.05))
    (fp_line (start -1.68 0.95) (end 1.68 0.95) (layer B.CrtYd) (width 0.05))
    (fp_line (start -1.68 -0.95) (end -1.68 0.95) (layer B.CrtYd) (width 0.05))
    (fp_line (start -0.258578 -0.71) (end 0.258578 -0.71) (layer B.SilkS) (width 0.12))
    (fp_line (start -0.258578 0.71) (end 0.258578 0.71) (layer B.SilkS) (width 0.12))
    (fp_line (start 1 -0.6) (end -1 -0.6) (layer B.Fab) (width 0.1))
    (fp_line (start 1 0.6) (end 1 -0.6) (layer B.Fab) (width 0.1))
    (fp_line (start -1 0.6) (end 1 0.6) (layer B.Fab) (width 0.1))
    (fp_line (start -1 -0.6) (end -1 0.6) (layer B.Fab) (width 0.1))
    (pad 2 smd roundrect (at 0.9375 0) (size 0.975 1.4) (layers B.Cu B.Paste B.Mask) (roundrect_rratio 0.25)
      (net 7 /Vdd))
    (pad 1 smd roundrect (at -0.9375 0) (size 0.975 1.4) (layers B.Cu B.Paste B.Mask) (roundrect_rratio 0.25)
      (net 8 "Net-(C5-Pad1)"))
    (model ${KISYS3DMOD}/Resistor_SMD.3dshapes/R_0805_2012Metric.wrl
      (at (xyz 0 0 0))
      (scale (xyz 1 1 1))
      (rotate (xyz 0 0 0))
    )
  )

  (module Resistor_SMD:R_0805_2012Metric (layer B.Cu) (tedit 5B36C52B) (tstamp 5CAF3350)
    (at 155.98 92.73 270)
    (descr "Resistor SMD 0805 (2012 Metric), square (rectangular) end terminal, IPC_7351 nominal, (Body size source: https://docs.google.com/spreadsheets/d/1BsfQQcO9C6DZCsRaXUlFlo91Tg2WpOkGARC1WS5S8t0/edit?usp=sharing), generated with kicad-footprint-generator")
    (tags resistor)
    (path /5C963211)
    (attr smd)
    (fp_text reference R6 (at -2.51 -0.01 270) (layer B.SilkS)
      (effects (font (size 1 1) (thickness 0.15)) (justify mirror))
    )
    (fp_text value 5k (at 0 -1.65 270) (layer B.Fab)
      (effects (font (size 1 1) (thickness 0.15)) (justify mirror))
    )
    (fp_line (start -1 -0.6) (end -1 0.6) (layer B.Fab) (width 0.1))
    (fp_line (start -1 0.6) (end 1 0.6) (layer B.Fab) (width 0.1))
    (fp_line (start 1 0.6) (end 1 -0.6) (layer B.Fab) (width 0.1))
    (fp_line (start 1 -0.6) (end -1 -0.6) (layer B.Fab) (width 0.1))
    (fp_line (start -0.258578 0.71) (end 0.258578 0.71) (layer B.SilkS) (width 0.12))
    (fp_line (start -0.258578 -0.71) (end 0.258578 -0.71) (layer B.SilkS) (width 0.12))
    (fp_line (start -1.68 -0.95) (end -1.68 0.95) (layer B.CrtYd) (width 0.05))
    (fp_line (start -1.68 0.95) (end 1.68 0.95) (layer B.CrtYd) (width 0.05))
    (fp_line (start 1.68 0.95) (end 1.68 -0.95) (layer B.CrtYd) (width 0.05))
    (fp_line (start 1.68 -0.95) (end -1.68 -0.95) (layer B.CrtYd) (width 0.05))
    (fp_text user %R (at 0 0 270) (layer B.Fab)
      (effects (font (size 0.5 0.5) (thickness 0.08)) (justify mirror))
    )
    (pad 1 smd roundrect (at -0.9375 0 270) (size 0.975 1.4) (layers B.Cu B.Paste B.Mask) (roundrect_rratio 0.25)
      (net 9 "Net-(R4-Pad2)"))
    (pad 2 smd roundrect (at 0.9375 0 270) (size 0.975 1.4) (layers B.Cu B.Paste B.Mask) (roundrect_rratio 0.25)
      (net 7 /Vdd))
    (model ${KISYS3DMOD}/Resistor_SMD.3dshapes/R_0805_2012Metric.wrl
      (at (xyz 0 0 0))
      (scale (xyz 1 1 1))
      (rotate (xyz 0 0 0))
    )
  )

  (module Resistor_SMD:R_0805_2012Metric (layer B.Cu) (tedit 5B36C52B) (tstamp 5C0477A2)
    (at 146.59 97.16)
    (descr "Resistor SMD 0805 (2012 Metric), square (rectangular) end terminal, IPC_7351 nominal, (Body size source: https://docs.google.com/spreadsheets/d/1BsfQQcO9C6DZCsRaXUlFlo91Tg2WpOkGARC1WS5S8t0/edit?usp=sharing), generated with kicad-footprint-generator")
    (tags resistor)
    (path /5BE9F44C)
    (attr smd)
    (fp_text reference R3 (at -2.63 0.32) (layer B.SilkS)
      (effects (font (size 1 1) (thickness 0.15)) (justify mirror))
    )
    (fp_text value 33k (at 0 -1.65) (layer B.Fab)
      (effects (font (size 1 1) (thickness 0.15)) (justify mirror))
    )
    (fp_line (start -1 -0.6) (end -1 0.6) (layer B.Fab) (width 0.1))
    (fp_line (start -1 0.6) (end 1 0.6) (layer B.Fab) (width 0.1))
    (fp_line (start 1 0.6) (end 1 -0.6) (layer B.Fab) (width 0.1))
    (fp_line (start 1 -0.6) (end -1 -0.6) (layer B.Fab) (width 0.1))
    (fp_line (start -0.258578 0.71) (end 0.258578 0.71) (layer B.SilkS) (width 0.12))
    (fp_line (start -0.258578 -0.71) (end 0.258578 -0.71) (layer B.SilkS) (width 0.12))
    (fp_line (start -1.68 -0.95) (end -1.68 0.95) (layer B.CrtYd) (width 0.05))
    (fp_line (start -1.68 0.95) (end 1.68 0.95) (layer B.CrtYd) (width 0.05))
    (fp_line (start 1.68 0.95) (end 1.68 -0.95) (layer B.CrtYd) (width 0.05))
    (fp_line (start 1.68 -0.95) (end -1.68 -0.95) (layer B.CrtYd) (width 0.05))
    (fp_text user %R (at 0 0) (layer B.Fab)
      (effects (font (size 0.5 0.5) (thickness 0.08)) (justify mirror))
    )
    (pad 1 smd roundrect (at -0.9375 0) (size 0.975 1.4) (layers B.Cu B.Paste B.Mask) (roundrect_rratio 0.25)
      (net 6 "Net-(C4-Pad1)"))
    (pad 2 smd roundrect (at 0.9375 0) (size 0.975 1.4) (layers B.Cu B.Paste B.Mask) (roundrect_rratio 0.25)
      (net 3 /A))
    (model ${KISYS3DMOD}/Resistor_SMD.3dshapes/R_0805_2012Metric.wrl
      (at (xyz 0 0 0))
      (scale (xyz 1 1 1))
      (rotate (xyz 0 0 0))
    )
  )

  (module Resistor_SMD:R_0805_2012Metric (layer B.Cu) (tedit 5B36C52B) (tstamp 5C047EB9)
    (at 155.97 89.36 270)
    (descr "Resistor SMD 0805 (2012 Metric), square (rectangular) end terminal, IPC_7351 nominal, (Body size source: https://docs.google.com/spreadsheets/d/1BsfQQcO9C6DZCsRaXUlFlo91Tg2WpOkGARC1WS5S8t0/edit?usp=sharing), generated with kicad-footprint-generator")
    (tags resistor)
    (path /5BE9F48E)
    (attr smd)
    (fp_text reference R4 (at 2.692154 -0.034777 270) (layer B.SilkS)
      (effects (font (size 1 1) (thickness 0.15)) (justify mirror))
    )
    (fp_text value 18k (at 0 -1.65 270) (layer B.Fab)
      (effects (font (size 1 1) (thickness 0.15)) (justify mirror))
    )
    (fp_text user %R (at 0 0 270) (layer B.Fab)
      (effects (font (size 0.5 0.5) (thickness 0.08)) (justify mirror))
    )
    (fp_line (start 1.68 -0.95) (end -1.68 -0.95) (layer B.CrtYd) (width 0.05))
    (fp_line (start 1.68 0.95) (end 1.68 -0.95) (layer B.CrtYd) (width 0.05))
    (fp_line (start -1.68 0.95) (end 1.68 0.95) (layer B.CrtYd) (width 0.05))
    (fp_line (start -1.68 -0.95) (end -1.68 0.95) (layer B.CrtYd) (width 0.05))
    (fp_line (start -0.258578 -0.71) (end 0.258578 -0.71) (layer B.SilkS) (width 0.12))
    (fp_line (start -0.258578 0.71) (end 0.258578 0.71) (layer B.SilkS) (width 0.12))
    (fp_line (start 1 -0.6) (end -1 -0.6) (layer B.Fab) (width 0.1))
    (fp_line (start 1 0.6) (end 1 -0.6) (layer B.Fab) (width 0.1))
    (fp_line (start -1 0.6) (end 1 0.6) (layer B.Fab) (width 0.1))
    (fp_line (start -1 -0.6) (end -1 0.6) (layer B.Fab) (width 0.1))
    (pad 2 smd roundrect (at 0.9375 0 270) (size 0.975 1.4) (layers B.Cu B.Paste B.Mask) (roundrect_rratio 0.25)
      (net 9 "Net-(R4-Pad2)"))
    (pad 1 smd roundrect (at -0.9375 0 270) (size 0.975 1.4) (layers B.Cu B.Paste B.Mask) (roundrect_rratio 0.25)
      (net 2 GND))
    (model ${KISYS3DMOD}/Resistor_SMD.3dshapes/R_0805_2012Metric.wrl
      (at (xyz 0 0 0))
      (scale (xyz 1 1 1))
      (rotate (xyz 0 0 0))
    )
  )

  (module Capacitors_SMD:C_0805 (layer B.Cu) (tedit 58AA8463) (tstamp 5C1D0966)
    (at 144.63 95)
    (descr "Capacitor SMD 0805, reflow soldering, AVX (see smccp.pdf)")
    (tags "capacitor 0805")
    (path /5BD1DD13)
    (attr smd)
    (fp_text reference C2 (at -1.935 1.56) (layer B.SilkS)
      (effects (font (size 1 1) (thickness 0.15)) (justify mirror))
    )
    (fp_text value 180p (at 0 -1.75) (layer B.Fab)
      (effects (font (size 1 1) (thickness 0.15)) (justify mirror))
    )
    (fp_text user %R (at 0 1.5) (layer B.Fab)
      (effects (font (size 1 1) (thickness 0.15)) (justify mirror))
    )
    (fp_line (start -1 -0.62) (end -1 0.62) (layer B.Fab) (width 0.1))
    (fp_line (start 1 -0.62) (end -1 -0.62) (layer B.Fab) (width 0.1))
    (fp_line (start 1 0.62) (end 1 -0.62) (layer B.Fab) (width 0.1))
    (fp_line (start -1 0.62) (end 1 0.62) (layer B.Fab) (width 0.1))
    (fp_line (start 0.5 0.85) (end -0.5 0.85) (layer B.SilkS) (width 0.12))
    (fp_line (start -0.5 -0.85) (end 0.5 -0.85) (layer B.SilkS) (width 0.12))
    (fp_line (start -1.75 0.88) (end 1.75 0.88) (layer B.CrtYd) (width 0.05))
    (fp_line (start -1.75 0.88) (end -1.75 -0.87) (layer B.CrtYd) (width 0.05))
    (fp_line (start 1.75 -0.87) (end 1.75 0.88) (layer B.CrtYd) (width 0.05))
    (fp_line (start 1.75 -0.87) (end -1.75 -0.87) (layer B.CrtYd) (width 0.05))
    (pad 1 smd rect (at -1 0) (size 1 1.25) (layers B.Cu B.Paste B.Mask)
      (net 5 "Net-(C2-Pad1)"))
    (pad 2 smd rect (at 1 0) (size 1 1.25) (layers B.Cu B.Paste B.Mask)
      (net 4 "Net-(C2-Pad2)"))
    (model Capacitors_SMD.3dshapes/C_0805.wrl
      (at (xyz 0 0 0))
      (scale (xyz 1 1 1))
      (rotate (xyz 0 0 0))
    )
  )

  (module Resistor_SMD:R_0805_2012Metric (layer B.Cu) (tedit 5B36C52B) (tstamp 5C1D0996)
    (at 145.51 91.19 270)
    (descr "Resistor SMD 0805 (2012 Metric), square (rectangular) end terminal, IPC_7351 nominal, (Body size source: https://docs.google.com/spreadsheets/d/1BsfQQcO9C6DZCsRaXUlFlo91Tg2WpOkGARC1WS5S8t0/edit?usp=sharing), generated with kicad-footprint-generator")
    (tags resistor)
    (path /5BD1DDDA)
    (attr smd)
    (fp_text reference R1 (at -2.66 0.035 270) (layer B.SilkS)
      (effects (font (size 1 1) (thickness 0.15)) (justify mirror))
    )
    (fp_text value 1000k (at 0 -1.65 270) (layer B.Fab)
      (effects (font (size 1 1) (thickness 0.15)) (justify mirror))
    )
    (fp_line (start -1 -0.6) (end -1 0.6) (layer B.Fab) (width 0.1))
    (fp_line (start -1 0.6) (end 1 0.6) (layer B.Fab) (width 0.1))
    (fp_line (start 1 0.6) (end 1 -0.6) (layer B.Fab) (width 0.1))
    (fp_line (start 1 -0.6) (end -1 -0.6) (layer B.Fab) (width 0.1))
    (fp_line (start -0.258578 0.71) (end 0.258578 0.71) (layer B.SilkS) (width 0.12))
    (fp_line (start -0.258578 -0.71) (end 0.258578 -0.71) (layer B.SilkS) (width 0.12))
    (fp_line (start -1.68 -0.95) (end -1.68 0.95) (layer B.CrtYd) (width 0.05))
    (fp_line (start -1.68 0.95) (end 1.68 0.95) (layer B.CrtYd) (width 0.05))
    (fp_line (start 1.68 0.95) (end 1.68 -0.95) (layer B.CrtYd) (width 0.05))
    (fp_line (start 1.68 -0.95) (end -1.68 -0.95) (layer B.CrtYd) (width 0.05))
    (fp_text user %R (at 0 0 270) (layer B.Fab)
      (effects (font (size 0.5 0.5) (thickness 0.08)) (justify mirror))
    )
    (pad 1 smd roundrect (at -0.9375 0 270) (size 0.975 1.4) (layers B.Cu B.Paste B.Mask) (roundrect_rratio 0.25)
      (net 4 "Net-(C2-Pad2)"))
    (pad 2 smd roundrect (at 0.9375 0 270) (size 0.975 1.4) (layers B.Cu B.Paste B.Mask) (roundrect_rratio 0.25)
      (net 5 "Net-(C2-Pad1)"))
    (model ${KISYS3DMOD}/Resistor_SMD.3dshapes/R_0805_2012Metric.wrl
      (at (xyz 0 0 0))
      (scale (xyz 1 1 1))
      (rotate (xyz 0 0 0))
    )
  )

  (module MountingHole:MountingHole_2.2mm_M2 (layer F.Cu) (tedit 5BF01559) (tstamp 5C095656)
    (at 150 106)
    (descr "Mounting Hole 2.2mm, no annular, M2")
    (tags "mounting hole 2.2mm no annular m2")
    (attr virtual)
    (fp_text reference REF** (at 0 -3.2) (layer Dwgs.User)
      (effects (font (size 1 1) (thickness 0.15)))
    )
    (fp_text value MountingHole_2.2mm_M2 (at 0 3.2) (layer F.Fab)
      (effects (font (size 1 1) (thickness 0.15)))
    )
    (fp_text user %R (at 0.3 0) (layer F.Fab)
      (effects (font (size 1 1) (thickness 0.15)))
    )
    (fp_circle (center 0 0) (end 2.2 0) (layer Cmts.User) (width 0.15))
    (fp_circle (center 0 0) (end 2.45 0) (layer F.CrtYd) (width 0.05))
    (pad 1 np_thru_hole circle (at 0 0) (size 2.2 2.2) (drill 2.2) (layers *.Cu *.Mask))
  )

  (module Resistor_SMD:R_0805_2012Metric (layer B.Cu) (tedit 5B36C52B) (tstamp 5C047791)
    (at 143.62 91.19 270)
    (descr "Resistor SMD 0805 (2012 Metric), square (rectangular) end terminal, IPC_7351 nominal, (Body size source: https://docs.google.com/spreadsheets/d/1BsfQQcO9C6DZCsRaXUlFlo91Tg2WpOkGARC1WS5S8t0/edit?usp=sharing), generated with kicad-footprint-generator")
    (tags resistor)
    (path /5BEB2536)
    (attr smd)
    (fp_text reference R2 (at -2.815 0.015 270) (layer B.SilkS)
      (effects (font (size 1 1) (thickness 0.15)) (justify mirror))
    )
    (fp_text value 10k (at 0 -1.65 270) (layer B.Fab)
      (effects (font (size 1 1) (thickness 0.15)) (justify mirror))
    )
    (fp_line (start -1 -0.6) (end -1 0.6) (layer B.Fab) (width 0.1))
    (fp_line (start -1 0.6) (end 1 0.6) (layer B.Fab) (width 0.1))
    (fp_line (start 1 0.6) (end 1 -0.6) (layer B.Fab) (width 0.1))
    (fp_line (start 1 -0.6) (end -1 -0.6) (layer B.Fab) (width 0.1))
    (fp_line (start -0.258578 0.71) (end 0.258578 0.71) (layer B.SilkS) (width 0.12))
    (fp_line (start -0.258578 -0.71) (end 0.258578 -0.71) (layer B.SilkS) (width 0.12))
    (fp_line (start -1.68 -0.95) (end -1.68 0.95) (layer B.CrtYd) (width 0.05))
    (fp_line (start -1.68 0.95) (end 1.68 0.95) (layer B.CrtYd) (width 0.05))
    (fp_line (start 1.68 0.95) (end 1.68 -0.95) (layer B.CrtYd) (width 0.05))
    (fp_line (start 1.68 -0.95) (end -1.68 -0.95) (layer B.CrtYd) (width 0.05))
    (fp_text user %R (at 0 0 270) (layer B.Fab)
      (effects (font (size 0.5 0.5) (thickness 0.08)) (justify mirror))
    )
    (pad 1 smd roundrect (at -0.9375 0 270) (size 0.975 1.4) (layers B.Cu B.Paste B.Mask) (roundrect_rratio 0.25)
      (net 5 "Net-(C2-Pad1)"))
    (pad 2 smd roundrect (at 0.9375 0 270) (size 0.975 1.4) (layers B.Cu B.Paste B.Mask) (roundrect_rratio 0.25)
      (net 6 "Net-(C4-Pad1)"))
    (model ${KISYS3DMOD}/Resistor_SMD.3dshapes/R_0805_2012Metric.wrl
      (at (xyz 0 0 0))
      (scale (xyz 1 1 1))
      (rotate (xyz 0 0 0))
    )
  )

  (module Capacitors_SMD:C_0805 (layer B.Cu) (tedit 58AA8463) (tstamp 5BEFFF7E)
    (at 154.16 94.9 270)
    (descr "Capacitor SMD 0805, reflow soldering, AVX (see smccp.pdf)")
    (tags "capacitor 0805")
    (path /5BD1EB34)
    (attr smd)
    (fp_text reference C1 (at -1.04 1.49 270) (layer B.SilkS)
      (effects (font (size 1 1) (thickness 0.15)) (justify mirror))
    )
    (fp_text value 0.1uF (at 0 -1.75 270) (layer B.Fab)
      (effects (font (size 1 1) (thickness 0.15)) (justify mirror))
    )
    (fp_line (start 1.75 -0.87) (end -1.75 -0.87) (layer B.CrtYd) (width 0.05))
    (fp_line (start 1.75 -0.87) (end 1.75 0.88) (layer B.CrtYd) (width 0.05))
    (fp_line (start -1.75 0.88) (end -1.75 -0.87) (layer B.CrtYd) (width 0.05))
    (fp_line (start -1.75 0.88) (end 1.75 0.88) (layer B.CrtYd) (width 0.05))
    (fp_line (start -0.5 -0.85) (end 0.5 -0.85) (layer B.SilkS) (width 0.12))
    (fp_line (start 0.5 0.85) (end -0.5 0.85) (layer B.SilkS) (width 0.12))
    (fp_line (start -1 0.62) (end 1 0.62) (layer B.Fab) (width 0.1))
    (fp_line (start 1 0.62) (end 1 -0.62) (layer B.Fab) (width 0.1))
    (fp_line (start 1 -0.62) (end -1 -0.62) (layer B.Fab) (width 0.1))
    (fp_line (start -1 -0.62) (end -1 0.62) (layer B.Fab) (width 0.1))
    (fp_text user %R (at 0 1.5 270) (layer B.Fab)
      (effects (font (size 1 1) (thickness 0.15)) (justify mirror))
    )
    (pad 2 smd rect (at 1 0 270) (size 1 1.25) (layers B.Cu B.Paste B.Mask)
      (net 2 GND))
    (pad 1 smd rect (at -1 0 270) (size 1 1.25) (layers B.Cu B.Paste B.Mask)
      (net 7 /Vdd))
    (model Capacitors_SMD.3dshapes/C_0805.wrl
      (at (xyz 0 0 0))
      (scale (xyz 1 1 1))
      (rotate (xyz 0 0 0))
    )
  )

  (module Package_TO_SOT_THT:TO-5-2_Window (layer F.Cu) (tedit 5A02FF81) (tstamp 5BF73769)
    (at 147.46 95)
    (descr "TO-5-2_Window, Window")
    (tags "TO-5-2_Window Window")
    (path /5BD1DA72)
    (fp_text reference D1 (at 2.54 -5.82) (layer F.SilkS)
      (effects (font (size 1 1) (thickness 0.15)))
    )
    (fp_text value BPW21 (at 2.54 5.82) (layer F.Fab)
      (effects (font (size 1 1) (thickness 0.15)))
    )
    (fp_text user %R (at 2.54 -5.82) (layer F.Fab)
      (effects (font (size 1 1) (thickness 0.15)))
    )
    (fp_line (start -0.465408 -3.61352) (end -1.27151 -4.419621) (layer F.Fab) (width 0.1))
    (fp_line (start -1.27151 -4.419621) (end -1.879621 -3.81151) (layer F.Fab) (width 0.1))
    (fp_line (start -1.879621 -3.81151) (end -1.07352 -3.005408) (layer F.Fab) (width 0.1))
    (fp_line (start 3.864 -2.637) (end 5.177 -1.324) (layer F.Fab) (width 0.1))
    (fp_line (start 3.025 -2.911) (end 5.451 -0.485) (layer F.Fab) (width 0.1))
    (fp_line (start 2.42 -2.948) (end 5.488 0.12) (layer F.Fab) (width 0.1))
    (fp_line (start 1.918 -2.884) (end 5.424 0.622) (layer F.Fab) (width 0.1))
    (fp_line (start 1.482 -2.755) (end 5.295 1.058) (layer F.Fab) (width 0.1))
    (fp_line (start 1.097 -2.574) (end 5.114 1.443) (layer F.Fab) (width 0.1))
    (fp_line (start 0.756 -2.35) (end 4.89 1.784) (layer F.Fab) (width 0.1))
    (fp_line (start 0.454 -2.086) (end 4.626 2.086) (layer F.Fab) (width 0.1))
    (fp_line (start 0.19 -1.784) (end 4.324 2.35) (layer F.Fab) (width 0.1))
    (fp_line (start -0.034 -1.443) (end 3.983 2.574) (layer F.Fab) (width 0.1))
    (fp_line (start -0.215 -1.058) (end 3.598 2.755) (layer F.Fab) (width 0.1))
    (fp_line (start -0.344 -0.622) (end 3.162 2.884) (layer F.Fab) (width 0.1))
    (fp_line (start -0.408 -0.12) (end 2.66 2.948) (layer F.Fab) (width 0.1))
    (fp_line (start -0.371 0.485) (end 2.055 2.911) (layer F.Fab) (width 0.1))
    (fp_line (start -0.097 1.324) (end 1.216 2.637) (layer F.Fab) (width 0.1))
    (fp_line (start -0.457084 -3.774902) (end -1.348039 -4.665856) (layer F.SilkS) (width 0.12))
    (fp_line (start -1.348039 -4.665856) (end -2.125856 -3.888039) (layer F.SilkS) (width 0.12))
    (fp_line (start -2.125856 -3.888039) (end -1.234902 -2.997084) (layer F.SilkS) (width 0.12))
    (fp_line (start -2.41 -4.95) (end -2.41 4.95) (layer F.CrtYd) (width 0.05))
    (fp_line (start -2.41 4.95) (end 7.49 4.95) (layer F.CrtYd) (width 0.05))
    (fp_line (start 7.49 4.95) (end 7.49 -4.95) (layer F.CrtYd) (width 0.05))
    (fp_line (start 7.49 -4.95) (end -2.41 -4.95) (layer F.CrtYd) (width 0.05))
    (fp_circle (center 2.54 0) (end 6.79 0) (layer F.Fab) (width 0.1))
    (fp_circle (center 2.54 0) (end 5.49 0) (layer F.Fab) (width 0.1))
    (fp_arc (start 2.54 0) (end -0.465408 -3.61352) (angle 349.5) (layer F.Fab) (width 0.1))
    (fp_arc (start 2.54 0) (end -0.457084 -3.774902) (angle 346.9) (layer F.SilkS) (width 0.12))
    (pad 1 thru_hole oval (at 0 0) (size 1.6 1.2) (drill 0.7) (layers *.Cu *.Mask)
      (net 4 "Net-(C2-Pad2)"))
    (pad 2 thru_hole oval (at 5.08 0) (size 1.2 1.2) (drill 0.7) (layers *.Cu *.Mask)
      (net 2 GND))
    (model ${KISYS3DMOD}/Package_TO_SOT_THT.3dshapes/TO-5-2_Window.wrl
      (at (xyz 0 0 0))
      (scale (xyz 1 1 1))
      (rotate (xyz 0 0 0))
    )
  )

  (module Connector_Molex:Molex_Pico-Clasp_501331-0307_1x03-1MP_P1.00mm_Vertical (layer B.Cu) (tedit 5AA46ED0) (tstamp 5BF7378F)
    (at 161.125 95 90)
    (descr "Molex Pico-Clasp series connector, 501331-0307 (http://www.molex.com/pdm_docs/sd/5013310207_sd.pdf), generated with kicad-footprint-generator")
    (tags "connector Molex Pico-Clasp side entry")
    (path /5BDDEC06)
    (attr smd)
    (fp_text reference J1 (at 3.95 -0.025 90) (layer B.SilkS)
      (effects (font (size 1 1) (thickness 0.15)) (justify mirror))
    )
    (fp_text value Conn_01x03 (at 0 -3.3 90) (layer B.Fab)
      (effects (font (size 1 1) (thickness 0.15)) (justify mirror))
    )
    (fp_line (start -2.5 -1.15) (end 2.5 -1.15) (layer B.Fab) (width 0.1))
    (fp_line (start -2.61 0.04) (end -2.61 -1.26) (layer B.SilkS) (width 0.12))
    (fp_line (start -2.61 -1.26) (end -1.56 -1.26) (layer B.SilkS) (width 0.12))
    (fp_line (start -1.56 -1.26) (end -1.56 -2.1) (layer B.SilkS) (width 0.12))
    (fp_line (start 2.61 0.04) (end 2.61 -1.26) (layer B.SilkS) (width 0.12))
    (fp_line (start 2.61 -1.26) (end 1.56 -1.26) (layer B.SilkS) (width 0.12))
    (fp_line (start -1.44 1.96) (end 1.44 1.96) (layer B.SilkS) (width 0.12))
    (fp_line (start -2.5 1.85) (end 2.5 1.85) (layer B.Fab) (width 0.1))
    (fp_line (start -2.5 -1.15) (end -2.5 1.85) (layer B.Fab) (width 0.1))
    (fp_line (start 2.5 -1.15) (end 2.5 1.85) (layer B.Fab) (width 0.1))
    (fp_line (start -1.125 0.25) (end -1.125 -0.25) (layer B.Fab) (width 0.1))
    (fp_line (start -1.125 -0.25) (end -0.875 -0.25) (layer B.Fab) (width 0.1))
    (fp_line (start -0.875 -0.25) (end -0.875 0.25) (layer B.Fab) (width 0.1))
    (fp_line (start -0.875 0.25) (end -1.125 0.25) (layer B.Fab) (width 0.1))
    (fp_line (start -0.125 0.25) (end -0.125 -0.25) (layer B.Fab) (width 0.1))
    (fp_line (start -0.125 -0.25) (end 0.125 -0.25) (layer B.Fab) (width 0.1))
    (fp_line (start 0.125 -0.25) (end 0.125 0.25) (layer B.Fab) (width 0.1))
    (fp_line (start 0.125 0.25) (end -0.125 0.25) (layer B.Fab) (width 0.1))
    (fp_line (start 0.875 0.25) (end 0.875 -0.25) (layer B.Fab) (width 0.1))
    (fp_line (start 0.875 -0.25) (end 1.125 -0.25) (layer B.Fab) (width 0.1))
    (fp_line (start 1.125 -0.25) (end 1.125 0.25) (layer B.Fab) (width 0.1))
    (fp_line (start 1.125 0.25) (end 0.875 0.25) (layer B.Fab) (width 0.1))
    (fp_line (start -3.4 2.6) (end -3.4 -2.6) (layer B.CrtYd) (width 0.05))
    (fp_line (start -3.4 -2.6) (end 3.4 -2.6) (layer B.CrtYd) (width 0.05))
    (fp_line (start 3.4 -2.6) (end 3.4 2.6) (layer B.CrtYd) (width 0.05))
    (fp_line (start 3.4 2.6) (end -3.4 2.6) (layer B.CrtYd) (width 0.05))
    (fp_line (start -1.5 -1.15) (end -1 -0.442893) (layer B.Fab) (width 0.1))
    (fp_line (start -1 -0.442893) (end -0.5 -1.15) (layer B.Fab) (width 0.1))
    (fp_text user %R (at 0 1.15 90) (layer B.Fab)
      (effects (font (size 1 1) (thickness 0.15)) (justify mirror))
    )
    (pad 1 smd rect (at -1 -1.325 90) (size 0.6 1.55) (layers B.Cu B.Paste B.Mask)
      (net 2 GND))
    (pad 2 smd rect (at 0 -1.325 90) (size 0.6 1.55) (layers B.Cu B.Paste B.Mask)
      (net 1 +5V))
    (pad 3 smd rect (at 1 -1.325 90) (size 0.6 1.55) (layers B.Cu B.Paste B.Mask)
      (net 3 /A))
    (pad MP smd rect (at -2.3 1.2 90) (size 1.2 1.8) (layers B.Cu B.Paste B.Mask))
    (pad MP smd rect (at 2.3 1.2 90) (size 1.2 1.8) (layers B.Cu B.Paste B.Mask))
    (model ${KISYS3DMOD}/Connector_Molex.3dshapes/Molex_Pico-Clasp_501331-0307_1x03-1MP_P1.00mm_Vertical.wrl
      (at (xyz 0 0 0))
      (scale (xyz 1 1 1))
      (rotate (xyz 0 0 0))
    )
  )

  (module Capacitors_SMD:C_0805 (layer B.Cu) (tedit 58AA8463) (tstamp 5BEFFD6D)
    (at 155.98 99.53 90)
    (descr "Capacitor SMD 0805, reflow soldering, AVX (see smccp.pdf)")
    (tags "capacitor 0805")
    (path /5BEB2C09)
    (attr smd)
    (fp_text reference C3 (at 2.34 1.55 90) (layer B.SilkS)
      (effects (font (size 1 1) (thickness 0.15)) (justify mirror))
    )
    (fp_text value 1.5uF (at 0 -1.75 90) (layer B.Fab)
      (effects (font (size 1 1) (thickness 0.15)) (justify mirror))
    )
    (fp_line (start 1.75 -0.87) (end -1.75 -0.87) (layer B.CrtYd) (width 0.05))
    (fp_line (start 1.75 -0.87) (end 1.75 0.88) (layer B.CrtYd) (width 0.05))
    (fp_line (start -1.75 0.88) (end -1.75 -0.87) (layer B.CrtYd) (width 0.05))
    (fp_line (start -1.75 0.88) (end 1.75 0.88) (layer B.CrtYd) (width 0.05))
    (fp_line (start -0.5 -0.85) (end 0.5 -0.85) (layer B.SilkS) (width 0.12))
    (fp_line (start 0.5 0.85) (end -0.5 0.85) (layer B.SilkS) (width 0.12))
    (fp_line (start -1 0.62) (end 1 0.62) (layer B.Fab) (width 0.1))
    (fp_line (start 1 0.62) (end 1 -0.62) (layer B.Fab) (width 0.1))
    (fp_line (start 1 -0.62) (end -1 -0.62) (layer B.Fab) (width 0.1))
    (fp_line (start -1 -0.62) (end -1 0.62) (layer B.Fab) (width 0.1))
    (fp_text user %R (at 0 1.5 90) (layer B.Fab)
      (effects (font (size 1 1) (thickness 0.15)) (justify mirror))
    )
    (pad 2 smd rect (at 1 0 90) (size 1 1.25) (layers B.Cu B.Paste B.Mask)
      (net 1 +5V))
    (pad 1 smd rect (at -1 0 90) (size 1 1.25) (layers B.Cu B.Paste B.Mask)
      (net 2 GND))
    (model Capacitors_SMD.3dshapes/C_0805.wrl
      (at (xyz 0 0 0))
      (scale (xyz 1 1 1))
      (rotate (xyz 0 0 0))
    )
  )

  (module Capacitors_SMD:C_0805 (layer B.Cu) (tedit 58AA8463) (tstamp 5C047E67)
    (at 144.425 88.625)
    (descr "Capacitor SMD 0805, reflow soldering, AVX (see smccp.pdf)")
    (tags "capacitor 0805")
    (path /5BEB2596)
    (attr smd)
    (fp_text reference C4 (at 2.865 0.005) (layer B.SilkS)
      (effects (font (size 1 1) (thickness 0.15)) (justify mirror))
    )
    (fp_text value 47uF (at 0 -1.75) (layer B.Fab)
      (effects (font (size 1 1) (thickness 0.15)) (justify mirror))
    )
    (fp_text user %R (at 0 1.5) (layer B.Fab)
      (effects (font (size 1 1) (thickness 0.15)) (justify mirror))
    )
    (fp_line (start -1 -0.62) (end -1 0.62) (layer B.Fab) (width 0.1))
    (fp_line (start 1 -0.62) (end -1 -0.62) (layer B.Fab) (width 0.1))
    (fp_line (start 1 0.62) (end 1 -0.62) (layer B.Fab) (width 0.1))
    (fp_line (start -1 0.62) (end 1 0.62) (layer B.Fab) (width 0.1))
    (fp_line (start 0.5 0.85) (end -0.5 0.85) (layer B.SilkS) (width 0.12))
    (fp_line (start -0.5 -0.85) (end 0.5 -0.85) (layer B.SilkS) (width 0.12))
    (fp_line (start -1.75 0.88) (end 1.75 0.88) (layer B.CrtYd) (width 0.05))
    (fp_line (start -1.75 0.88) (end -1.75 -0.87) (layer B.CrtYd) (width 0.05))
    (fp_line (start 1.75 -0.87) (end 1.75 0.88) (layer B.CrtYd) (width 0.05))
    (fp_line (start 1.75 -0.87) (end -1.75 -0.87) (layer B.CrtYd) (width 0.05))
    (pad 1 smd rect (at -1 0) (size 1 1.25) (layers B.Cu B.Paste B.Mask)
      (net 6 "Net-(C4-Pad1)"))
    (pad 2 smd rect (at 1 0) (size 1 1.25) (layers B.Cu B.Paste B.Mask)
      (net 2 GND))
    (model Capacitors_SMD.3dshapes/C_0805.wrl
      (at (xyz 0 0 0))
      (scale (xyz 1 1 1))
      (rotate (xyz 0 0 0))
    )
  )

  (module Inductor_SMD:L_0805_2012Metric (layer B.Cu) (tedit 5B36C52B) (tstamp 5BEFFC0B)
    (at 155.98 96.09 90)
    (descr "Inductor SMD 0805 (2012 Metric), square (rectangular) end terminal, IPC_7351 nominal, (Body size source: https://docs.google.com/spreadsheets/d/1BsfQQcO9C6DZCsRaXUlFlo91Tg2WpOkGARC1WS5S8t0/edit?usp=sharing), generated with kicad-footprint-generator")
    (tags inductor)
    (path /5BEB286B)
    (attr smd)
    (fp_text reference L1 (at 0.79 1.51 90) (layer B.SilkS)
      (effects (font (size 1 1) (thickness 0.15)) (justify mirror))
    )
    (fp_text value Ferrite_Bead (at 0 -1.65 90) (layer B.Fab)
      (effects (font (size 1 1) (thickness 0.15)) (justify mirror))
    )
    (fp_line (start -1 -0.6) (end -1 0.6) (layer B.Fab) (width 0.1))
    (fp_line (start -1 0.6) (end 1 0.6) (layer B.Fab) (width 0.1))
    (fp_line (start 1 0.6) (end 1 -0.6) (layer B.Fab) (width 0.1))
    (fp_line (start 1 -0.6) (end -1 -0.6) (layer B.Fab) (width 0.1))
    (fp_line (start -0.258578 0.71) (end 0.258578 0.71) (layer B.SilkS) (width 0.12))
    (fp_line (start -0.258578 -0.71) (end 0.258578 -0.71) (layer B.SilkS) (width 0.12))
    (fp_line (start -1.68 -0.95) (end -1.68 0.95) (layer B.CrtYd) (width 0.05))
    (fp_line (start -1.68 0.95) (end 1.68 0.95) (layer B.CrtYd) (width 0.05))
    (fp_line (start 1.68 0.95) (end 1.68 -0.95) (layer B.CrtYd) (width 0.05))
    (fp_line (start 1.68 -0.95) (end -1.68 -0.95) (layer B.CrtYd) (width 0.05))
    (fp_text user %R (at 0 0 90) (layer B.Fab)
      (effects (font (size 0.5 0.5) (thickness 0.08)) (justify mirror))
    )
    (pad 1 smd roundrect (at -0.9375 0 90) (size 0.975 1.4) (layers B.Cu B.Paste B.Mask) (roundrect_rratio 0.25)
      (net 1 +5V))
    (pad 2 smd roundrect (at 0.9375 0 90) (size 0.975 1.4) (layers B.Cu B.Paste B.Mask) (roundrect_rratio 0.25)
      (net 7 /Vdd))
    (model ${KISYS3DMOD}/Inductor_SMD.3dshapes/L_0805_2012Metric.wrl
      (at (xyz 0 0 0))
      (scale (xyz 1 1 1))
      (rotate (xyz 0 0 0))
    )
  )

  (module Housings_SOIC:SOIC-8_3.9x4.9mm_Pitch1.27mm (layer B.Cu) (tedit 5C95F48D) (tstamp 5BEFFB51)
    (at 150.45 90.2)
    (descr "8-Lead Plastic Small Outline (SN) - Narrow, 3.90 mm Body [SOIC] (see Microchip Packaging Specification 00000049BS.pdf)")
    (tags "SOIC 1.27")
    (path /5BE9F049)
    (attr smd)
    (fp_text reference U1 (at 0 1.75) (layer B.SilkS)
      (effects (font (size 1 1) (thickness 0.15)) (justify mirror))
    )
    (fp_text value Opamp_Dual_Generic (at 0 -3.5) (layer B.Fab)
      (effects (font (size 1 1) (thickness 0.15)) (justify mirror))
    )
    (fp_text user %R (at 0 0) (layer B.Fab)
      (effects (font (size 1 1) (thickness 0.15)) (justify mirror))
    )
    (fp_line (start -0.95 2.45) (end 1.95 2.45) (layer B.Fab) (width 0.1))
    (fp_line (start 1.95 2.45) (end 1.95 -2.45) (layer B.Fab) (width 0.1))
    (fp_line (start 1.95 -2.45) (end -1.95 -2.45) (layer B.Fab) (width 0.1))
    (fp_line (start -1.95 -2.45) (end -1.95 1.45) (layer B.Fab) (width 0.1))
    (fp_line (start -1.95 1.45) (end -0.95 2.45) (layer B.Fab) (width 0.1))
    (fp_line (start -3.73 2.7) (end -3.73 -2.7) (layer B.CrtYd) (width 0.05))
    (fp_line (start 3.73 2.7) (end 3.73 -2.7) (layer B.CrtYd) (width 0.05))
    (fp_line (start -3.73 2.7) (end 3.73 2.7) (layer B.CrtYd) (width 0.05))
    (fp_line (start -3.73 -2.7) (end 3.73 -2.7) (layer B.CrtYd) (width 0.05))
    (fp_line (start -2.075 2.575) (end -2.075 2.525) (layer B.SilkS) (width 0.15))
    (fp_line (start 2.075 2.575) (end 2.075 2.43) (layer B.SilkS) (width 0.15))
    (fp_line (start 2.075 -2.575) (end 2.075 -2.43) (layer B.SilkS) (width 0.15))
    (fp_line (start -2.075 -2.575) (end -2.075 -2.43) (layer B.SilkS) (width 0.15))
    (fp_line (start -2.075 2.575) (end 2.075 2.575) (layer B.SilkS) (width 0.15))
    (fp_line (start -2.075 -2.575) (end 2.075 -2.575) (layer B.SilkS) (width 0.15))
    (fp_line (start -2.075 2.525) (end -3.475 2.525) (layer B.SilkS) (width 0.15))
    (pad 1 smd rect (at -2.7 1.905) (size 1.55 0.6) (layers B.Cu B.Paste B.Mask)
      (net 5 "Net-(C2-Pad1)"))
    (pad 2 smd rect (at -2.7 0.635) (size 1.55 0.6) (layers B.Cu B.Paste B.Mask)
      (net 4 "Net-(C2-Pad2)"))
    (pad 3 smd rect (at -2.7 -0.635) (size 1.55 0.6) (layers B.Cu B.Paste B.Mask)
      (net 8 "Net-(C5-Pad1)"))
    (pad 4 smd rect (at -2.7 -1.905) (size 1.55 0.6) (layers B.Cu B.Paste B.Mask)
      (net 2 GND))
    (pad 5 smd rect (at 2.7 -1.905) (size 1.55 0.6) (layers B.Cu B.Paste B.Mask)
      (net 9 "Net-(R4-Pad2)"))
    (pad 6 smd rect (at 2.7 -0.635) (size 1.55 0.6) (layers B.Cu B.Paste B.Mask)
      (net 6 "Net-(C4-Pad1)"))
    (pad 7 smd rect (at 2.7 0.635) (size 1.55 0.6) (layers B.Cu B.Paste B.Mask)
      (net 3 /A))
    (pad 8 smd rect (at 2.7 1.905) (size 1.55 0.6) (layers B.Cu B.Paste B.Mask)
      (net 7 /Vdd))
    (model ${KISYS3DMOD}/Housings_SOIC.3dshapes/SOIC-8_3.9x4.9mm_Pitch1.27mm.wrl
      (at (xyz 0 0 0))
      (scale (xyz 1 1 1))
      (rotate (xyz 0 0 0))
    )
  )

  (module EMIshield:Laird-BMI-S-202-F (layer B.Cu) (tedit 5BF000A2) (tstamp 5C1D0889)
    (at 149.5 95 90)
    (path /5BD574D7)
    (fp_text reference U2 (at -5.92 -9.84) (layer B.SilkS)
      (effects (font (size 1 1) (thickness 0.15)) (justify mirror))
    )
    (fp_text value EMIshield (at -0.1 -3 90) (layer B.Fab)
      (effects (font (size 1 1) (thickness 0.15)) (justify mirror))
    )
    (fp_line (start -8.15 8.15) (end 8.15 8.15) (layer B.SilkS) (width 0.1))
    (fp_line (start -8.15 -8.15) (end 8.15 -8.15) (layer B.SilkS) (width 0.1))
    (fp_line (start 8.15 8.15) (end 8.15 -8.15) (layer B.SilkS) (width 0.1))
    (fp_line (start -8.15 8.15) (end -8.15 -8.15) (layer B.SilkS) (width 0.1))
    (pad 1 smd rect (at 0 8.15 90) (size 3.8 1) (layers B.Cu B.Paste B.Mask)
      (net 2 GND) (zone_connect 2))
    (pad 1 smd rect (at 0 -8.15 90) (size 3.8 1) (layers B.Cu B.Paste B.Mask)
      (net 2 GND) (zone_connect 2))
    (pad 1 smd rect (at -8.15 0) (size 3.8 1) (layers B.Cu B.Paste B.Mask)
      (net 2 GND) (zone_connect 2))
    (pad 1 smd rect (at 8.15 0) (size 3.8 1) (layers B.Cu B.Paste B.Mask)
      (net 2 GND) (zone_connect 2))
    (pad 1 smd custom (at -8.15 6.375) (size 4.55 1) (layers B.Cu B.Paste B.Mask)
      (net 2 GND) (zone_connect 2)
      (options (clearance outline) (anchor rect))
      (primitives
      ))
    (pad 1 smd custom (at -6.375 8.15 270) (size 4.55 1) (layers B.Cu B.Paste B.Mask)
      (net 2 GND) (zone_connect 2)
      (options (clearance outline) (anchor rect))
      (primitives
      ))
